9.780325e+00
9.780325e+00
9.780325e+00
9.780325e+00
9.780325e+00
9.780325e+00
9.780325e+00
9.780325e+00
9.780325e+00
9.780325e+00
9.780325e+00
9.780325e+00
9.780325e+00
9.780325e+00
9.780325e+00
9.780325e+00
9.780325e+00
9.780325e+00
9.780325e+00
9.780325e+00
9.780325e+00
9.780325e+00
9.780325e+00
9.806198e+00
9.832185e+00
9.780840e+00
9.782364e+00
9.784836e+00
9.788160e+00
9.792205e+00
9.796809e+00
9.801792e+00
9.806955e+00
9.812092e+00
9.816998e+00
9.821477e+00
9.825349e+00
9.828459e+00
9.830680e+00
9.831924e+00
9.832141e+00
9.831320e+00
9.829497e+00
9.826743e+00
9.780325e+00
9.806167e+00
9.832123e+00
9.780747e+00
9.782240e+00
9.784682e+00
9.787975e+00
9.791989e+00
9.796563e+00
9.801515e+00
9.806646e+00
9.811753e+00
9.816628e+00
9.820860e+00
9.824702e+00
9.827780e+00
9.829755e+00
9.830969e+00
9.831154e+00
9.829779e+00
9.827647e+00
9.824585e+00
9.779501e+00
9.778164e+00
