9.78033
9.78033
9.78033
9.78033
9.78033
9.78033
9.78033
9.78033
9.78033
9.78033
9.78033
9.78033
9.78033
9.78033
9.78033
9.78033
9.78033
9.78033
9.78033
9.78033
9.78033
9.78033
9.78033
9.8062
9.83218
9.78084
9.78236
9.78484
9.78816
9.7922
9.79681
9.80179
9.80695
9.81209
9.817
9.82148
9.82535
9.82846
9.83068
9.83192
9.83214
9.83132
9.8295
9.82674
9.78033
9.80617
9.83212
9.78075
9.78224
9.78468
9.78797
9.79199
9.79656
9.80151
9.80665
9.81175
9.81663
9.82086
9.8247
9.82778
9.82976
9.83097
9.83115
9.82978
9.82765
9.82458
9.7795
9.77816
