0 0 0 
0 0.785398 0 
0 1.5708 0 
0 0.1 0 
0 0.2 0 
0 0.3 0 
0 0.4 0 
0 0.5 0 
0 0.6 0 
0 0.7 0 
0 0.8 0 
0 0.9 0 
0 1 0 
0 1.1 0 
0 1.2 0 
0 1.3 0 
0 1.4 0 
0 1.5 0 
0 1.6 0 
0 1.7 0 
0 1.8 0 
0 1.9 0 
0 0 0 
0.785398 0.785398 0 
1.5708 1.5708 0 
0.1 0.1 0 
0.2 0.2 0 
0.3 0.3 0 
0.4 0.4 0 
0.5 0.5 0 
0.6 0.6 0 
0.7 0.7 0 
0.8 0.8 0 
0.9 0.9 0 
1 1 0 
1.1 1.1 0 
1.2 1.2 0 
1.3 1.3 0 
1.4 1.4 0 
1.5 1.5 0 
1.6 1.6 0 
1.7 1.7 0 
1.8 1.8 0 
1.9 1.9 0 
0 0 0 
0.785398 0.785398 10 
1.5708 1.5708 20 
0.1 0.1 30 
0.2 0.2 40 
0.3 0.3 50 
0.4 0.4 60 
0.5 0.5 70 
0.6 0.6 80 
0.7 0.7 90 
0.8 0.8 100 
0.9 0.9 110 
1 1 120 
1.1 1.1 200 
1.2 1.2 210 
1.3 1.3 220 
1.4 1.4 300 
1.5 1.5 310 
1.6 1.6 320 
1.7 1.7 500 
1.8 1.8 600 
1.9 1.9 700 
3 1.8 600 
3.1415 1.9 700 
